$ 1 0.000005 11.086722712598126 50 5 50 5e-11
a 816 352 928 352 9 5 0 1000000 0.5240510345100035 -0.47648108428660507 100000
c 1040 352 1040 432 0 1.0000000000000001e-7 3.6683572415700234 0.001
g 1040 480 1040 496 0 0
g 992 480 992 496 0 0
d 928 352 992 352 2 default
200 688 336 640 336 0 1000 10 0.6
403 576 240 704 304 0 5_256_0_x81012_0.625_0.00009765625_0_2_0.2_0_5_3_0.000049999999999999996_0
r 816 336 736 336 0 100000
w 736 336 688 336 0
w 816 368 816 416 0
r 992 352 992 416 0 60000
r 992 416 992 480 0 10000
w 992 416 816 416 0
w 1040 480 1040 432 0
w 1040 352 992 352 0
403 1008 272 1136 336 0 14_256_0_x81012_10_0.025_0_2_0.5_-98_14_3_0.01_0
